C=0.000068
R=30
L=0.02
E=15
Vd=20
a1=1.3
a2=21.7
a3=13
